4294967278,32
4294967278,31
4294967278,30
4294967278,29
4294967278,28
4294967278,27
4294967278,51
4294967278,50
4294967278,49
4294967278,48
4294967278,47
4294967278,46
4294967278,45
4294967278,44
4294967278,43
4294967278,42
4294967278,41
4294967278,40
4294967278,39
4294967278,38
4294967278,37
4294967278,36
4294967278,35
4294967278,34
4294967278,33
4294967279,260
4294967279,307
4294967278,346
4294967278,345
4294967279,541
4294967294,1419
4294967279,562
4294967278,290
4294967278,132
4294967278,131
4294967278,126
4294967278,124
4294967278,123
4294967278,122
4294967278,121
4294967278,120
4294967278,115
4294967278,113
4294967278,112
4294967278,111
4294967278,110
4294967278,109
4294967278,108
4294967278,105
4294967278,103
4294967278,102
4294967278,100
4294967278,99
4294967278,98
4294967278,94
4294967278,92
4294967278,90
4294967278,89
4294967278,86
4294967278,83
4294967278,81
4294967278,80
4294967278,78
4294967278,77
4294967278,76
4294967278,72
4294967278,70
4294967278,69
4294967278,67
4294967278,299
4294967278,298
4294967278,61
4294967278,60
4294967278,59
4294967278,58
4294967278,57
4294967278,56
4294967278,408
4294967278,55
4294967278,54
4294967278,53
4294967278,52
4294967278,0
4294967278,348
4294967279,174
4294967279,301
4294967279,320
4294967279,84
4294967279,83
4294967279,298
4294967279,81
4294967279,316
4294967279,80
4294967279,79
4294967279,78
4294967279,76
4294967279,75
4294967279,324
4294967279,73
4294967279,72
4294967279,71
4294967279,70
4294967279,69
4294967279,68
4294967279,67
4294967279,66
4294967279,65
4294967279,64
4294967279,63
4294967279,62
4294967279,61
4294967279,60
4294967279,558
4294967279,59
4294967279,58
4294967279,57
4294967279,56
4294967279,55
4294967279,54
4294967279,53
4294967279,49
4294967279,48
4294967279,47
4294967279,46
4294967279,156
4294967279,44
4294967279,43
4294967279,40
4294967279,39
4294967279,575
4294967279,327
4294967279,35
4294967279,34
4294967279,30
4294967279,28
4294967279,285
4294967279,27
4294967279,26
4294967279,25
4294967279,24
4294967279,23
4294967279,20
4294967279,18
4294967279,334
4294967279,17
4294967279,278
4294967279,16
4294967279,571
4294967279,15
4294967279,333
4294967279,14
4294967279,326
4294967279,13
4294967279,529
4294967279,9
4294967279,322
4294967279,7
4294967279,570
4294967279,5
4294967279,321
4294967279,4
4294967279,183
4294967278,68
4294967278,344
4294967278,66
4294967278,300
4294967278,65
4294967278,343
4294967278,64
4294967278,63
4294967279,167
4294967279,166
4294967279,165
4294967279,51
4294967279,524
4294967279,50
4294967279,523
4294967279,160
4294967279,159
4294967279,155
4294967279,154
4294967279,41
4294967279,517
4294967279,149
4294967279,37
4294967279,573
4294967279,147
4294967279,146
4294967279,145
4294967279,287
4294967279,32
4294967279,515
4294967278,425
4294967279,31
4294967279,328
4294967279,29
4294967279,140
4294967279,532
4294967279,139
173,6
173,5
4294967279,136
173,4
173,3
173,2
173,1
4294967278,424
4294967279,135
4294967294,389
4294967279,22
4294967279,513
4294967278,423
4294967279,21
4294967279,271
4294967279,344
4294967279,19
4294967279,280
4294967279,267
4294967279,277
4294967279,265
4294967279,264
4294967294,424
4294967279,512
4294967279,354
4294967279,12
4294967294,387
4294967279,11
4294967279,325
4294967294,1422
4294967278,422
4294967279,10
4294967279,343
4294967294,1000
4294967294,186
4294967279,258
4294967294,1016
4294967278,421
4294967279,8
4294967279,318
4294967279,256
4294967279,255
4294967279,353
4294967279,6
4294967278,371
4294967279,254
171,8
171,7
4294967279,253
171,6
4294967278,258
171,5
171,4
4294967278,257
171,3
171,2
171,1
4294967278,420
4294967278,130
4294967278,129
4294967278,256
4294967279,352
4294967278,128
4294967278,393
4294967278,127
4294967278,386
4294967278,316
4294967294,37
4294967294,1421
4294967294,40
4294967294,36
4294967294,39
4294967294,1417
4294967278,125
4294967278,315
4294967278,370
4294967278,254
4294967278,314
4294967278,246
4294967294,42
4294967278,253
4294967278,250
4294967278,248
4294967278,419
4294967278,119
4294967294,1418
4294967294,45
4294967294,99
4294967294,417
4294967294,51
4294967278,118
4294967278,401
4294967279,351
4294967294,53
4294967279,350
4294967278,117
4294967278,243
4294967278,116
4294967278,241
4294967278,238
4294967294,115
4294967294,92
4294967294,90
4294967294,88
4294967294,86
4294967294,85
4294967294,1415
4294967278,237
4294967278,418
4294967278,114
4294967278,236
4294967278,234
4294967278,232
4294967278,230
4294967278,228
4294967278,107
4294967278,400
4294967278,106
4294967278,222
4294967278,399
4294967278,220
4294967278,104
4294967278,218
4294967278,219
4294967278,216
4294967294,1098
4294967278,101
4294967278,378
4294967278,212
4294967279,349
4294967279,0
4294967278,211
4294967278,97
4294967278,312
